# Created by Octave 5.2.0, Sun Sep 04 19:34:14 2022 -03 <hezekx@hezekMachina>
# name: newflujos42
# type: matrix
# rows: 42
# columns: 2
 2 940
 5 930
 8 440
 10 500
 13 780
 14 230
 15 600
 17 710
 18 500
 22 360
 25 220
 26 910
 27 980
 29 570
 31 120
 33 760
 35 630
 44 570
 47 390
 53 360
 55 820
 56 980
 57 870
 60 140
 68 340
 69 900
 70 910
 72 340
 73 210
 74 190
 78 390
 81 0
 82 80
 83 650
 85 240
 89 200
 90 970
 91 240
 93 500
 94 350
 95 610
 96 220


